"","Year (FTTH)","total_w_mb","total_real_w_mb"
"1",2000,154000,154000
"2",2001,92000,246000
"3",2002,280500,526500
"4",2003,486500,1013000
"5",2004,67000,1080000
"6",2005,40100,1120100
"7",2006,54300,1174400
"8",2007,66100,1240500
"9",2008,206500,1447000
"10",2009,333500,1780500
"11",2010,65100,1845600
"12",2011,75600,1921200
"13",2012,20800,1942000
"14",2013,24112,1966112
"15",2014,122800,2088912
"16",2015,1800,2090712
"17",2016,66071,2156783
"18",2017,1900,2158683
"19",2018,76000,2234683
